-24.2180468975469, 0.10394011544011544, 13.820687295515881
-22.365227535592158, -0.7118376971421426, 12.239012141132822
-20.537954888107357, -1.5831004049341162, 10.420052578427239
-18.775410200950567, -2.576827901075469, 8.20862484041331
-18.3363031044694, -3.9174707374048467, 6.2176530633083225
-20.35227565675933, -4.023068216419997, 12.810997277050992
-22.371517440024668, -3.880940780731425, 16.479278765980773
-24.383936318232426, -3.660641769978263, 19.2065278184973
-26.391521995631468, -3.399655871250784, 19.260554726489605
-28.395673662877435, -3.1134073812268936, 18.159029164279744
-30.39738033651563, -2.810501785014135, 16.986218382468586
-32.39730219614393, -2.4960126493526347, 15.72618333061982
-34.395950420346665, -2.1735215960079195, 14.355976021281878
-36.39373312567173, -1.845708391776263, 12.84037548853011
-38.39098817162533, -1.5146940242234967, 11.120091404446624
-40.38801236235978, -1.1822891077632904, 9.079516556758588
-42.38507385823643, -0.8501084915721436, 6.420187637557965
-44.382429292929295, -0.5197005772005772, 0
-64.11662012495677, 2.7301782213275465, 0
endData
10.18
200
50
-24.2180468975469, 0.10394011544011544, -7.67012104834798, -6.978866537957584, -26.62165754410456, -3.444591495875881, -44.382429292929295, -0.5197005772005772
