-43.96666883116883, -0.10394011544011544, 23.632800754982117
-41.87631553281461, -0.062114445454305466, 22.71433819698157
-39.78597753132189, -0.019530960123498295, 21.757137859918963
-37.695651285001325, 0.02362603538406551, 20.755841005482722
-35.605329212654176, 0.06698489669624545, 19.703726139052204
-33.51499793368654, 0.10989675266527665, 18.59216802957389
-31.424635399537234, 0.15125335489374805, 17.409784668925486
-29.334208067507586, 0.1891756792452141, 16.141019144292876
-27.243675696725695, 0.2207194144595032, 14.763617949632435
-25.153014694946684, 0.24192049824015868, 13.834242051977263
-23.06225877184485, 0.24851704267590463, 13.52362263619676
-20.971518292512492, 0.23823500069328013, 13.909597362128418
-18.880915966485972, 0.2119643508388917, 15.102404096731068
-16.790507671768385, 0.1731088456361559, 14.589055025801812
-14.700280167324673, 0.12545328083492066, 13.0488480457736
-12.610189623095074, 0.072104010615893, 11.300634126432785
-10.52019183519865, 0.015227473021228238, 9.226929218641205
-8.430252244235891, -0.04375254673462493, 6.524424250215324
-6.340347041847042, -0.10394011544011544, 0
13.651257848803102, -0.6833656034310727, 0
endData
10.18
200
50
-43.96666883116883, -0.10394011544011544, -22.970765512265512, 0.31182034632034633, -24.332791443432175, 0.41754282375174645, -6.340347041847042, -0.10394011544011544
