-43.34302813852814, 10.70583189033189, 7.941896393794522
-45.40471344024167, 10.852796402250712, 4.581625617787443
-44.896325662524696, 9.622848241342345, 7.8413789828507054
-43.09742296358929, 8.598696824784533, 12.204854390828471
-41.24839081703544, 7.6668961800811495, 15.14052898819431
-39.37924347442954, 6.776001001731319, 17.199618956041228
-37.49881879283875, 5.909128794453804, 17.178642023789937
-35.611235889197694, 5.057944671379789, 15.904333929181755
-33.718708994769216, 4.217805261763205, 14.518605001235263
-31.822619398031772, 3.3857354406602145, 12.985835613402763
-29.923939404973837, 2.559592421794237, 11.246063838460437
-28.023299923776996, 1.7379666785749768, 9.182372828890914
-26.12120608843828, 0.919713041542554, 6.492918170389397
-24.218046897546905, 0.10394011544011825, 3.9435834075458635e-7
-24.2180468975469, 0.10394011544011544, 0
-5.831462620659224, -7.765845055001767, 0
endData
10.18
200
50
-43.34302813852814, 10.70583189033189, -50.98453700059214, 11.797476013483893, -40.76597274674582, 7.186746768837814, -24.2180468975469, 0.10394011544011544
