34.40417821067821, -9.666430735930735, 19.099206439815394
32.56067585806719, -10.4917164994144, 18.65083781689141
30.91602978882051, -11.662006671995458, 18.191715664504905
29.563041052072226, -13.159384389244046, 17.984191075451147
28.553078610226343, -14.907742439892251, 18.466433983360748
27.875021741205966, -16.8107694262089, 18.40992129051621
27.473198096675844, -18.79149351592562, 17.944041418707062
27.29136117664839, -20.80496037849135, 17.465597690603754
27.281140529750225, -22.826926797495993, 16.973591477073363
27.404406192095802, -24.84534959396238, 16.46684281146336
27.63318202126331, -26.85468437043943, 15.943961197546665
27.947374409849136, -28.85251002890582, 15.403322606484602
28.329292281231194, -30.838544669490066, 14.842993042126032
28.76690611237307, -32.813085584757644, 14.260655072225271
29.250039496807947, -34.77700479655281, 13.65349626948865
29.769396462991853, -36.73167051987499, 13.018046221904461
30.317993544620684, -38.6783431388178, 12.349939465271452
30.888864564563566, -40.61860805299672, 11.64355714006655
31.47507979140958, -42.554297515439806, 10.891455313117467
32.07008455274452, -44.48730657059018, 10.083409568181228
32.665810600581, -46.42009362304562, 9.20469971666597
33.252670684389294, -48.35558634224615, 8.23273244640312
33.81689946786247, -50.29777904689578, 7.129475130129217
34.33707180786405, -52.25217081588391, 5.820777035833699
34.77326885314116, -54.22677172099694, 4.11525941793345
35.0278189033189, -56.231602453102454, 0
35.91583117573331, -76.21187858242664, 0
endData
4.19
120.19
41.69
34.40417821067821, -9.666430735930735, 18.1895202020202, -15.279196969696969, 34.61205844155844, -46.87699206349206, 35.0278189033189, -56.231602453102454
